training=[1.24 1.27;
1.36 1.74;
1.38 1.64;
1.38 1.82;
1.38 1.90;
1.40 1.70;
1.48 1.82;
1.54 1.82;
1.56 2.08;
1.14 1.82;
1.18 1.96;
1.20 1.86;
1.26 2.00;
1.28 2.00;
1.30 1.96];
group=[1 1 1 1 1 1 1 1 1 2 2 2 2 2 2]';
sample=[1.24 1.80;
1.28 1.84;
1.40 2.04];
[class,err]=classify(sample,training,group)%二维数据



training=[0.056 0.084 0.031 0.038 0.0081 0.022;
    0.040 0.055 0.1 0.11 0.022 0.0073;
    0.05 0.074 0.041 0.048 0.0071 0.02;
    0.045 0.05 0.11 0.1 0.025 0.0063;
    0.034 0.095 0.058 0.16 0.2 0.029;
    0.03 0.09 0.068 0.18 0.22 0.039;
    0.069 0.087 0.027 0.05 0.089 0.021;
     0.038 0.13 0.079 0.17 0.058 0.043;
    0.03 0.11 0.07 0.16 0.05 0.046;
    0.084 0.066  0.029 0.32 0.012 0.041;
    0.085 0.076 0.019 0.3 0.01 0.04;
    0.064 0.072 0.02 0.25 0.028 0.038;
    0.054 0.065 0.022 0.28 0.021 .04;
    0.048 0.089 0.062 0.26 0.038 0.036;
    0.045 0.092 0.072 0.2 0.035 0.032];
group=[1 1 1 1 1 1 1 2 2 2 2 2 2 2 2]';
sample=[0.052 0.084 0.021 0.037 0.0071 0.022;
0.041 0.055 0.110 0.110 0.021 0.0073;
0.03 0.112 0.072 0.16 0.056 0.021;
0.074 0.083 0.105 0.19 0.02 1];
[class,err]=classify(sample,training,group)%一维数据

class =

     1
     1
     2
     2


err =

     0
